Testing Attack - patternLen from 1.000000 to 64.000000 by 1.000000:
Parameters:
	Watermark length = 4096
	Pattern length = 64
	Block size = 8
	Alpha = 0.50
	Lambda = 1.00
PatternLen
	  1.000000   2.000000   3.000000   4.000000   5.000000   6.000000   7.000000   8.000000   9.000000  10.000000  11.000000  12.000000  13.000000  14.000000  15.000000  16.000000  17.000000  18.000000  19.000000  20.000000  21.000000  22.000000  23.000000  24.000000  25.000000  26.000000  27.000000  28.000000  29.000000  30.000000  31.000000  32.000000  33.000000  34.000000  35.000000  36.000000  37.000000  38.000000  39.000000  40.000000  41.000000  42.000000  43.000000  44.000000  45.000000  46.000000  47.000000  48.000000  49.000000  50.000000  51.000000  52.000000  53.000000  54.000000  55.000000  56.000000  57.000000  58.000000  59.000000  60.000000  61.000000  62.000000  63.000000  64.000000 
capacity
	4096.000000 4096.000000 4096.000000 4096.000000 4096.000000 4096.000000 4096.000000 4096.000000 4096.000000 4096.000000 4096.000000 4096.000000 4096.000000 4096.000000 4096.000000 4096.000000 4096.000000 4096.000000 4096.000000 4096.000000 4096.000000 4096.000000 4096.000000 4096.000000 4096.000000 4096.000000 4096.000000 4096.000000 4096.000000 4096.000000 4096.000000 4096.000000 4096.000000 4096.000000 4096.000000 4096.000000 4096.000000 4096.000000 4096.000000 4096.000000 4096.000000 4096.000000 4096.000000 4096.000000 4096.000000 4096.000000 4096.000000 4096.000000 4096.000000 4096.000000 4096.000000 4096.000000 4096.000000 4096.000000 4096.000000 4096.000000 4096.000000 4096.000000 4096.000000 4096.000000 4096.000000 4096.000000 4096.000000 4096.000000 
psnr
	 47.588531  47.706208  47.490406  48.225312  48.227785  48.291846  48.379492  48.353018  48.207801  47.893381  48.048093  47.535668  47.661110  47.238575  47.313788  47.804538  47.753914  47.485244  47.546066  46.915437  47.002295  46.140371  46.246620  46.520463  46.595309  47.487958  47.543654  47.113289  47.189808  46.036021  46.120261  46.503132  46.531595  46.393162  46.464537  46.161563  46.201260  44.820141  44.884742  45.115426  45.174417  45.038690  45.088586  43.213453  43.269889  42.640347  42.706996  44.002025  44.048421  44.078990  44.131911  42.841250  42.894410  42.939052  42.982832  42.428867  42.484213  39.827563  39.881482  38.650037  38.713364  20.024842  20.125934  20.207965 
ber
	  0.404785   0.559570   0.499268   0.499023   0.515137   0.479248   0.490967   0.410889   0.497314   0.437988   0.273682   0.541992   0.493652   0.527100   0.519775   0.358887   0.477783   0.308594   0.475342   0.370117   0.236084   0.547607   0.494629   0.514893   0.515137   0.327637   0.471436   0.281494   0.483643   0.325195   0.264404   0.531250   0.491943   0.511963   0.514648   0.353516   0.466553   0.261719   0.481201   0.317139   0.231201   0.530762   0.495850   0.501953   0.515625   0.325439   0.477783   0.267578   0.490234   0.307373   0.237061   0.527344   0.483154   0.536377   0.524658   0.329346   0.524414   0.250732   0.476562   0.293457   0.216064   0.532959   0.482666   0.512695   0.521240   0.309814   0.521729   0.224609   0.475586   0.263184   0.119141   0.531494   0.488281   0.535400   0.519775   0.229248   0.518799   0.160400   0.483887   0.218994   0.026855   0.526611   0.480225   0.517578   0.520020   0.149414   0.547852   0.105225   0.474121   0.168701   0.017090   0.495605   0.488037   0.537598   0.505859   0.139893   0.539551   0.066650   0.468994   0.142822   0.047119   0.499268   0.490967   0.510986   0.507080   0.166504   0.548828   0.083252   0.470703   0.151855   0.000000   0.493896   0.484863   0.512207   0.511963   0.125000   0.538086   0.035400   0.457031   0.085205   0.000000   0.499268   0.481689   0.487793   0.515381   0.125000   0.554443   0.022949   0.461426   0.065186   0.000000   0.508789   0.486816   0.497070   0.520020   0.125000   0.549561   0.023926   0.446533   0.084473   0.000000   0.512695   0.490234   0.490479   0.513428   0.125000   0.550049   0.015137   0.455566   0.072998   0.000000   0.501709   0.477539   0.457764   0.513428   0.125000   0.496582   0.013916   0.451904   0.058838   0.000000   0.490479   0.483154   0.445068   0.509521   0.125000   0.496094   0.008789   0.453369   0.046387   0.000000   0.487793   0.521484   0.483154   0.507568   0.125000   0.514160   0.015625   0.463379   0.061523   0.000000   0.494141   0.521240   0.465576   0.503418   0.125000   0.520264   0.006592   0.438965   0.040771   0.000000   0.489746   0.492920   0.492920   0.521973   0.125000   0.518066   0.005859   0.436035   0.041992   0.000000   0.494385   0.492920   0.507812   0.518555   0.125000   0.532715   0.005127   0.465088   0.041992   0.000000   0.483398   0.508789   0.480469   0.509277   0.125000   0.518555   0.007812   0.456299   0.050537   0.000000   0.480957   0.509277   0.485596   0.512695   0.125000   0.527588   0.007080   0.458252   0.045898   0.000000   0.483887   0.496338   0.467773   0.506104   0.125000   0.530518   0.009033   0.450928   0.053467   0.000000   0.480469   0.497070   0.476807   0.507324   0.125000   0.537354   0.006592   0.457275   0.046631   0.000000   0.463135   0.499268   0.500732   0.524170   0.125000   0.523682   0.007568   0.453857   0.051758   0.000000   0.462158   0.498047   0.529785   0.523193   0.125000   0.529053   0.007324   0.441162   0.051514   0.000000   0.469482   0.515869   0.523926   0.521973   0.125000   0.518311   0.010986   0.460205   0.056885   0.000000   0.461914   0.516846   0.536621   0.520264   0.125000   0.517578   0.007812   0.439453   0.055664   0.000000   0.457275   0.518799   0.503174   0.506836   0.125000   0.509277   0.005615   0.432861   0.054932   0.000000   0.466064   0.515869   0.515381   0.501465   0.125000   0.511230   0.005371   0.431152   0.052002   0.000000   0.473633   0.506104   0.508789   0.521484   0.125000   0.498291   0.004150   0.431396   0.055664   0.000000   0.485840   0.506104   0.507080   0.516602   0.125000   0.520020   0.004150   0.434326   0.051514   0.000000   0.445312   0.492676   0.516846   0.515381   0.125000   0.471924   0.007568   0.432129   0.048584   0.000000   0.443848   0.496582   0.510010   0.508545   0.125000   0.467041   0.007568   0.429199   0.044434   0.000000   0.447021   0.515381   0.481934   0.514893   0.125000   0.470215   0.010010   0.439697   0.055420   0.000000   0.447510   0.513672   0.462646   0.513672   0.125000   0.491943   0.010010   0.435791   0.052734   0.000000   0.430176   0.500977   0.494873   0.506104   0.125000   0.457275   0.026855   0.418213   0.059570   0.000000   0.438232   0.498779   0.490234   0.503174   0.125000   0.466309   0.024414   0.433594   0.057617   0.000000   0.431885   0.509766   0.476807   0.522217   0.125000   0.471191   0.022217   0.436035   0.067139   0.000000   0.429932   0.505615   0.474609   0.524658   0.125000   0.461914   0.018066   0.429443   0.066406   0.000000   0.428955   0.503906   0.446289   0.509521   0.125000   0.429688   0.014648   0.423340   0.059814   0.000000   0.428223   0.503906   0.465088   0.509521   0.125000   0.439697   0.015869   0.427490   0.060059   0.000000   0.431152   0.508057   0.470459   0.512695   0.125000   0.447998   0.032715   0.437500   0.083740   0.000000   0.435547   0.505615   0.478760   0.513428   0.125000   0.441650   0.032227   0.428955   0.084717   0.000000   0.408936   0.487549   0.432373   0.519531   0.125000   0.454102   0.049561   0.406006   0.090332   0.000000   0.413330   0.487061   0.455322   0.519531   0.125000   0.456299   0.047852   0.437500   0.087891   0.000000   0.402588   0.497559   0.473145   0.520996   0.125000   0.470459   0.045898   0.419678   0.094727   0.000000   0.396973   0.497314   0.485107   0.522217   0.125000   0.466553   0.042969   0.415283   0.095703   0.000000   0.398682   0.498535   0.473145   0.526123   0.125000   0.487793   0.038818   0.415771   0.102295   0.000000   0.392822   0.498779   0.465820   0.521729   0.125000   0.490967   0.034912   0.419189   0.100830   0.000000   0.378174   0.488037   0.544434   0.516846   0.125000   0.440674   0.060059   0.399658   0.114746   0.000000   0.385498   0.489014   0.542725   0.519043   0.125000   0.456299   0.059570   0.411377   0.115479   0.000000   0.370850   0.477539   0.523926   0.520508   0.125000   0.421875   0.078369   0.408936   0.120117   0.000000   0.370117   0.474854   0.532227   0.519043   0.125000   0.415283   0.076904   0.409668   0.118408   0.000000   0.396973   0.504395   0.512207   0.521729   0.125000   0.463135   0.083496   0.407471   0.141357   0.000000   0.390625   0.502197   0.531738   0.519287   0.125000   0.457520   0.079102   0.418945   0.143066   0.000000   0.398926   0.499512   0.522705   0.525146   0.125000   0.463135   0.120361   0.399902   0.171631   0.000000   0.401367   0.501953   0.529053   0.524902   0.125000   0.462402   0.119385   0.405762   0.169678   0.000488   0.384521   0.470215   0.500488   0.520020   0.125488   0.413574   0.133545   0.407227   0.169189   0.000488   0.394043   0.473389   0.509766   0.516846   0.125488   0.417725   0.134766   0.416748   0.171143   0.198242   0.406250   0.483398   0.500244   0.515625   0.293945   0.500244   0.499756   0.427002   0.500000   0.226318   0.366455   0.484375   0.500244   0.515625   0.314697   0.500244   0.499756   0.436035   0.500000   0.253174   0.371582   0.484619   0.500488   0.515625   0.336914   0.500244   0.499756   0.436523   0.500000 