Testing Attack - Alpha from 0.100000 to 1.000000 by 0.100000:
Parameters:
	Watermark length = 4096
	Pattern length = 15
	Block size = 8
	Alpha = 0.50
	Lambda = 1.00
alpha
	  0.100000   0.200000   0.300000   0.400000   0.500000   0.600000   0.700000   0.800000   0.900000   1.000000 
capacity
	4096.000000 4096.000000 4096.000000 4096.000000 4096.000000 4096.000000 4096.000000 4096.000000 4096.000000 4096.000000 
psnr
	 47.867634  47.817240  47.741522  47.637765  47.491007  47.323507  47.131230  46.932707  46.733458  46.541767 
ber
	  0.364258   0.512939   0.483887   0.482910   0.516113   0.446045   0.506836   0.393799   0.494141   0.433350   0.261230   0.513184   0.478516   0.481689   0.515869   0.354492   0.510254   0.304688   0.480957   0.364258   0.189209   0.506104   0.480225   0.479736   0.516113   0.291016   0.514648   0.207520   0.468994   0.274414   0.084473   0.504639   0.483154   0.476562   0.514648   0.200195   0.520508   0.111084   0.466309   0.185303   0.000000   0.485840   0.485107   0.474365   0.516602   0.125000   0.526367   0.040771   0.468750   0.100586   0.000000   0.484131   0.491943   0.470703   0.518555   0.125000   0.541748   0.008545   0.448975   0.053711   0.000000   0.484131   0.492920   0.464111   0.516846   0.125000   0.547363   0.002197   0.448242   0.031006   0.000000   0.476074   0.494629   0.461914   0.514404   0.125000   0.553711   0.000488   0.438721   0.020508   0.000000   0.476807   0.492432   0.466797   0.511230   0.125000   0.564453   0.000244   0.418945   0.013184   0.000000   0.472900   0.497314   0.466553   0.513428   0.125000   0.566650   0.000000   0.406250   0.008789 