Testing Attack - Alpha from 1.000000 to 100.000000 by 1.000000:
Parameters:
	Watermark length = 4096
	Pattern length = 15
	Block size = 8
	Alpha = 0.50
	Lambda = 1.00
alpha
	  1.000000   2.000000   3.000000   4.000000   5.000000   6.000000   7.000000   8.000000   9.000000  10.000000  11.000000  12.000000  13.000000  14.000000  15.000000  16.000000  17.000000  18.000000  19.000000  20.000000  21.000000  22.000000  23.000000  24.000000  25.000000  26.000000  27.000000  28.000000  29.000000  30.000000  31.000000  32.000000  33.000000  34.000000  35.000000  36.000000  37.000000  38.000000  39.000000  40.000000  41.000000  42.000000  43.000000  44.000000  45.000000  46.000000  47.000000  48.000000  49.000000  50.000000  51.000000  52.000000  53.000000  54.000000  55.000000  56.000000  57.000000  58.000000  59.000000  60.000000  61.000000  62.000000  63.000000  64.000000  65.000000  66.000000  67.000000  68.000000  69.000000  70.000000  71.000000  72.000000  73.000000  74.000000  75.000000  76.000000  77.000000  78.000000  79.000000  80.000000  81.000000  82.000000  83.000000  84.000000  85.000000  86.000000  87.000000  88.000000  89.000000  90.000000  91.000000  92.000000  93.000000  94.000000  95.000000  96.000000  97.000000  98.000000  99.000000 100.000000 
capacity
	4096.000000 4096.000000 4096.000000 4096.000000 4096.000000 4096.000000 4096.000000 4096.000000 4096.000000 4096.000000 4096.000000 4096.000000 4096.000000 4096.000000 4096.000000 4096.000000 4096.000000 4096.000000 4096.000000 4096.000000 4096.000000 4096.000000 4096.000000 4096.000000 4096.000000 4096.000000 4096.000000 4096.000000 4096.000000 4096.000000 4096.000000 4096.000000 4096.000000 4096.000000 4096.000000 4096.000000 4096.000000 4096.000000 4096.000000 4096.000000 4096.000000 4096.000000 4096.000000 4096.000000 4096.000000 4096.000000 4096.000000 4096.000000 4096.000000 4096.000000 4096.000000 4096.000000 4096.000000 4096.000000 4096.000000 4096.000000 4096.000000 4096.000000 4096.000000 4096.000000 4096.000000 4096.000000 4096.000000 4096.000000 4096.000000 4096.000000 4096.000000 4096.000000 4096.000000 4096.000000 4096.000000 4096.000000 4096.000000 4096.000000 4096.000000 4096.000000 4096.000000 4096.000000 4096.000000 4096.000000 4096.000000 4096.000000 4096.000000 4096.000000 4096.000000 4096.000000 4096.000000 4096.000000 4096.000000 4096.000000 4096.000000 4096.000000 4096.000000 4096.000000 4096.000000 4096.000000 4096.000000 4096.000000 4096.000000 4096.000000 
psnr
	 46.686838  44.482160  42.158263  40.247724  38.557804  37.176454  35.939547  34.819816  33.869477  32.954035  32.180635  31.446116  30.755681  30.115241  29.521766  28.982811  28.457812  27.958533  27.501221  27.061656  26.643524  26.227841  25.856541  25.480712  25.135388  24.794574  24.476111  24.154093  23.850029  23.566171  23.272182  23.004878  22.749329  22.485216  22.238989  21.996852  21.767185  21.543283  21.320419  21.104414  20.894290  20.697223  20.499007  20.309854  20.120153  19.940489  19.759490  19.592029  19.425353  19.254419  19.092575  18.939713  18.788661  18.637790  18.489038  18.348404  18.211473  18.070427  17.940638  17.807633  17.679059  17.555803  17.433726  17.315315  17.190262  17.075503  16.965008  16.855542  16.744209  16.636363  16.527804  16.429393  16.324144  16.224544  16.126948  16.026652  15.931424  15.841539  15.747932  15.655301  15.566691  15.477716  15.386831  15.305231  15.217433  15.136093  15.051956  14.971814  14.891325  14.811614  14.731347  14.653578  14.577390  14.504540  14.428143  14.355102  14.278566  14.207729  14.137390  14.067202 
ber
	  0.000000   0.474121   0.505371   0.511475   0.513428   0.125000   0.576904   0.000244   0.415527   0.007080   0.000000   0.426025   0.531738   0.458252   0.508789   0.125000   0.625244   0.000000   0.322021   0.000000   0.000000   0.387451   0.559570   0.441650   0.506104   0.125000   0.666260   0.000000   0.262451   0.000000   0.000000   0.347168   0.560303   0.436768   0.512207   0.125000   0.729004   0.000000   0.205322   0.000000   0.000000   0.299316   0.564697   0.442871   0.511230   0.125000   0.772949   0.000000   0.154785   0.000000   0.000000   0.188232   0.567871   0.447510   0.514893   0.125000   0.803467   0.000000   0.113037   0.000000   0.000000   0.088867   0.574219   0.417969   0.511963   0.125000   0.828857   0.000000   0.081787   0.000000   0.000000   0.024170   0.577393   0.402832   0.513672   0.125000   0.851318   0.000000   0.059570   0.000000   0.000000   0.004395   0.581787   0.386719   0.515137   0.125000   0.862061   0.000000   0.046631   0.000000   0.000000   0.000244   0.579834   0.425781   0.517578   0.125000   0.870605   0.000000   0.032715   0.000000   0.000000   0.000000   0.579834   0.345459   0.514893   0.125000   0.882568   0.000000   0.020508   0.000000   0.000000   0.000000   0.575195   0.357910   0.515137   0.125000   0.894043   0.000000   0.013428   0.000000   0.000000   0.000000   0.578369   0.394287   0.508301   0.125000   0.899414   0.000000   0.012939   0.000000   0.000000   0.000000   0.577881   0.363770   0.510498   0.125000   0.906494   0.000000   0.005615   0.000000   0.000000   0.000000   0.576904   0.355713   0.512451   0.125000   0.911377   0.000000   0.004395   0.000000   0.000000   0.000000   0.577393   0.377197   0.509033   0.125000   0.918457   0.000000   0.003418   0.000000   0.000000   0.000000   0.576660   0.350342   0.512207   0.125000   0.925049   0.000000   0.002930   0.000000   0.000000   0.000000   0.575684   0.348633   0.508545   0.125000   0.932617   0.000000   0.001465   0.000000   0.000000   0.000000   0.576172   0.323486   0.511230   0.125000   0.935791   0.000000   0.000977   0.000000   0.000000   0.000000   0.574219   0.348877   0.506592   0.125000   0.943115   0.000000   0.000977   0.000000   0.000000   0.000000   0.574707   0.342041   0.507568   0.125000   0.944824   0.000000   0.000244   0.000000   0.000000   0.000000   0.572754   0.348633   0.509277   0.125000   0.952148   0.000000   0.000244   0.000000   0.000000   0.000000   0.572754   0.350098   0.510742   0.125000   0.954834   0.000000   0.000244   0.000000   0.000000   0.000000   0.573975   0.361084   0.507812   0.125000   0.955811   0.000000   0.000000   0.000000   0.000000   0.000000   0.572998   0.348633   0.506592   0.125000   0.960938   0.000000   0.000244   0.000000   0.000000   0.000000   0.569580   0.336914   0.507812   0.125000   0.963623   0.000000   0.000000   0.000000   0.000000   0.000000   0.570068   0.330322   0.507812   0.125000   0.967285   0.000000   0.000000   0.000000   0.000000   0.000000   0.568604   0.352783   0.509521   0.125000   0.966553   0.000000   0.000000   0.000000   0.000000   0.000000   0.572754   0.335693   0.506592   0.125000   0.971436   0.000000   0.000000   0.000000   0.000000   0.000000   0.567871   0.348389   0.508301   0.125000   0.973877   0.000000   0.000000   0.000000   0.000000   0.000000   0.567139   0.337402   0.507324   0.125000   0.975098   0.000000   0.000000   0.000000   0.000000   0.000000   0.564941   0.340576   0.507568   0.125000   0.975830   0.000000   0.000000   0.000000   0.000000   0.000000   0.566406   0.332520   0.507568   0.125000   0.977051   0.000000   0.000000   0.000000   0.000000   0.000000   0.566650   0.336670   0.508545   0.125000   0.980225   0.000000   0.000000   0.000000   0.000000   0.000000   0.570068   0.312988   0.507080   0.125000   0.979492   0.000000   0.000000   0.000000   0.000000   0.000000   0.566895   0.327881   0.509033   0.125000   0.982910   0.000000   0.000000   0.000000   0.000000   0.000000   0.567139   0.313232   0.506592   0.125000   0.984131   0.000000   0.000000   0.000000   0.000000   0.000000   0.565918   0.307129   0.506836   0.125000   0.984863   0.000000   0.000000   0.000000   0.000000   0.000000   0.563477   0.313965   0.506592   0.125000   0.986084   0.000000   0.000000   0.000000   0.000000   0.000000   0.565430   0.336670   0.506592   0.125000   0.987061   0.000000   0.000000   0.000000   0.000000   0.000000   0.564941   0.309326   0.507568   0.125000   0.988037   0.000000   0.000000   0.000000   0.000000   0.000000   0.565186   0.335449   0.505859   0.125000   0.988770   0.000000   0.000000   0.000000   0.000000   0.000000   0.566406   0.322998   0.506348   0.125000   0.989258   0.000000   0.000000   0.000000   0.000000   0.000000   0.568115   0.312744   0.505615   0.125000   0.989746   0.000000   0.000000   0.000000   0.000000   0.000000   0.567871   0.308594   0.505859   0.125000   0.990234   0.000000   0.000000   0.000000   0.000000   0.000000   0.568359   0.293945   0.505615   0.125000   0.991211   0.000000   0.000000   0.000000   0.000000   0.000000   0.571289   0.301514   0.505859   0.125000   0.992188   0.000000   0.000000   0.000000   0.000000   0.000000   0.567139   0.320312   0.505371   0.125000   0.992676   0.000000   0.000000   0.000000   0.000000   0.000000   0.571045   0.306641   0.504395   0.125000   0.992676   0.000000   0.000000   0.000000   0.000000   0.000000   0.568848   0.298340   0.503418   0.125000   0.992432   0.000000   0.000000   0.000000   0.000000   0.000000   0.566406   0.284668   0.503174   0.125000   0.993652   0.000000   0.000000   0.000000   0.000000   0.000000   0.568359   0.299805   0.505127   0.125000   0.993408   0.000000   0.000000   0.000000   0.000000   0.000000   0.565918   0.295166   0.507324   0.125000   0.993896   0.000000   0.000000   0.000000   0.000000   0.000000   0.570557   0.281494   0.506104   0.125000   0.995361   0.000000   0.000000   0.000000   0.000000   0.000000   0.567871   0.289062   0.506104   0.125000   0.995850   0.000000   0.000000   0.000000   0.000000   0.000000   0.568115   0.287354   0.506836   0.125000   0.994141   0.000000   0.000000   0.000000   0.000000   0.000000   0.568359   0.286377   0.505371   0.125000   0.995361   0.000000   0.000000   0.000000   0.000000   0.000000   0.568604   0.293701   0.504883   0.125000   0.996094   0.000000   0.000000   0.000000   0.000000   0.000000   0.571045   0.293457   0.503906   0.125000   0.995850   0.000000   0.000000   0.000000   0.000000   0.000000   0.570068   0.289551   0.507080   0.125000   0.996582   0.000000   0.000000   0.000000   0.000000   0.000000   0.571045   0.295410   0.505127   0.125000   0.997070   0.000000   0.000000   0.000000   0.000000   0.000000   0.570557   0.298584   0.503906   0.125000   0.996826   0.000000   0.000000   0.000000   0.000000   0.000000   0.570068   0.295898   0.503906   0.125000   0.996582   0.000000   0.000000   0.000000   0.000000   0.000000   0.568604   0.291748   0.502686   0.125000   0.997314   0.000000   0.000000   0.000000   0.000000   0.000000   0.570557   0.295410   0.502441   0.125000   0.997314   0.000000   0.000000   0.000000   0.000000   0.000000   0.570557   0.306152   0.500977   0.125000   0.997559   0.000000   0.000000   0.000000   0.000000   0.000000   0.569824   0.303711   0.500488   0.125000   0.997559   0.000000   0.000000   0.000000   0.000000   0.000000   0.570068   0.304932   0.502441   0.125000   0.998291   0.000000   0.000000   0.000000   0.000000   0.000000   0.568848   0.310303   0.500488   0.125000   0.997803   0.000000   0.000000   0.000000   0.000000   0.000000   0.569580   0.305176   0.500244   0.125000   0.997803   0.000000   0.000000   0.000000   0.000000   0.000000   0.569580   0.309570   0.501709   0.125000   0.998047   0.000000   0.000000   0.000000   0.000000   0.000000   0.568359   0.315918   0.500244   0.125000   0.998291   0.000000   0.000000   0.000000   0.000000   0.000000   0.569824   0.318604   0.501709   0.125000   0.998047   0.000000   0.000000   0.000000   0.000000   0.000000   0.567627   0.320557   0.501221   0.125000   0.998047   0.000000   0.000000   0.000000   0.000000   0.000000   0.567627   0.320068   0.501953   0.125000   0.998291   0.000000   0.000000   0.000000   0.000000   0.000000   0.565430   0.321289   0.500732   0.125000   0.998291   0.000000   0.000000   0.000000   0.000000   0.000000   0.567627   0.332031   0.501221   0.125000   0.998291   0.000000   0.000000   0.000000   0.000000   0.000000   0.567871   0.332764   0.501709   0.125000   0.998291   0.000000   0.000000   0.000000   0.000000   0.000000   0.567871   0.329834   0.500244   0.125000   0.998291   0.000000   0.000000   0.000000   0.000000   0.000000   0.568359   0.333984   0.499268   0.125000   0.998291   0.000000   0.000000   0.000000   0.000000   0.000000   0.567139   0.337891   0.500244   0.125000   0.998291   0.000000   0.000000   0.000000   0.000000   0.000000   0.568848   0.342041   0.499268   0.125000   0.998291   0.000000   0.000000   0.000000   0.000000   0.000000   0.568115   0.343506   0.499268   0.125000   0.998535   0.000000   0.000000   0.000000   0.000000   0.000000   0.567139   0.349121   0.498779   0.125000   0.998291   0.000000   0.000000   0.000000   0.000000   0.000000   0.566406   0.348633   0.498291   0.125000   0.998535   0.000000   0.000000   0.000000   0.000000   0.000000   0.568115   0.351562   0.497803   0.125000   0.998779   0.000000   0.000000   0.000000   0.000000   0.000000   0.568115   0.352051   0.499512   0.125000   0.998535   0.000000   0.000000   0.000000   0.000000   0.000000   0.568359   0.355713   0.498291   0.125000   0.998779   0.000000   0.000000   0.000000   0.000000   0.000000   0.567139   0.359131   0.497314   0.125000   0.998535   0.000000   0.000000   0.000000   0.000000   0.000000   0.567871   0.363037   0.499756   0.125000   0.998535   0.000000   0.000000   0.000000   0.000000   0.000000   0.568359   0.364502   0.497070   0.125000   0.998535   0.000000   0.000000   0.000000   0.000000   0.000000   0.568115   0.366455   0.498047   0.125000   0.998535   0.000000   0.000000   0.000000   0.000000   0.000000   0.568359   0.371094   0.497803   0.125000   0.998779   0.000000   0.000000   0.000000   0.000000   0.000000   0.568848   0.372070   0.497314   0.125000   0.998779   0.000000   0.000000   0.000000   0.000000   0.000000   0.568604   0.374268   0.498779   0.125000   0.998779   0.000000   0.000000   0.000000   0.000000   0.000000   0.569580   0.376221   0.497559   0.125000   0.999023   0.000000   0.000000   0.000000   0.000000   0.000000   0.569092   0.377197   0.496826   0.125000   0.998779   0.000000   0.000000   0.000000   0.000000   0.000000   0.568359   0.381104   0.496338   0.125000   0.998779   0.000000   0.000000   0.000000   0.000000   0.000000   0.569824   0.385742   0.496826   0.125000   0.999023   0.000000   0.000000   0.000000   0.000000   0.000000   0.569336   0.386230   0.497070   0.125000   0.999023   0.000000   0.000000   0.000000 